Pos: [124.971, 122.047, -131.534]
Up: [-0.377296, 0.89726, -0.229287]
Virtual Target: [117.306, 117.632, -136.2]
