Pos: [-10.4312, 17.5559, -28.534]
Up: [0.194436, 0.858154, 0.475148]
Virtual Target: [-7.18113, 12.422, -20.5917]
