Pos: [7.01054, 2.72536, -38.7914]
Up: [-0.0699184, 0.966121, 0.24844]
Virtual Target: [4.39388, 0.144453, -29.4913]
