Pos: [-91.2751, 86.1226, -11.9407]
Up: [-0.233579, 0.942873, 0.237551]
Virtual Target: [-97.8916, 82.7911, -5.22337]
